==================================================================================================================================================================================
============================================================================== Тестовый контроллер ===============================================================================
==================================================================================================================================================================================
c 0 1 105 0 5 0 12 438 1 1 10 0 4 10 2 1 0 0 10 30 1 1 1 15 21 t e s t c o n t r o l l e r 0 0 0 0 0
g 1 1 1 1 15 40 0

m 1 0 1 1 1 21 2 700 1000 1600 1 0 0 0 47 0 0
m 2 0 1 1 1 14 3 1000 2000 3200 1 0 0 0 48 0 0
m 3 0 1 1 1 13 5 1000 1800 3200 1 0 0 0 45 0 0
	
s 1 0 1 9 4 0 0 0 35 0 0 0 0 0 0 0 0 0 0 27 0 2 0 0 0 76 105 103 104 116 0 0 0 0 0 0 0 0 0 0 0 0 0 0 0 1 3 0 1 2 #						// BH1750 (имя "Light") (адрес 0x23)
s 2 0 1 1 1 1 0 0 40 40 180 148 1 0 0 29 0 14 0 26 0 9 1 0 0 68 83 49 56 66 50 48 95 69 88 84 95 49 0 0 0 0 0 0 4 1 3 1 1 2 #		    // DS18B20_EXT_1
s 3 0 1 1 1 0 0 0 40 255 242 101 97 23 4 145 0 0 0 0 12 10 1 0 0 68 83 49 56 66 50 48 95 69 88 84 95 50 0 0 0 0 0 0 4 1 3 1 2 2 #		// DS18B20_EXT_2
s 4 0 1 5 15 0 0 0 118 0 0 0 0 0 0 0 1 7 0 1 0 1 1 0 0 66 77 80 50 56 48 0 0 0 0 0 0 0 0 0 0 0 0 0 2 12 3 1 1 2 #					    // BMP280 (имя "BMP280") (адрес 0x76)
s 6 0 1 3 12 0 0 0 23 0 0 0 0 0 0 0 1 3 0 5 300 0 4 0 0 72 84 85 50 49 68 0 0 0 0 0 0 0 0 0 0 0 0 0 6 1 3 2 1 2 #				   		// HTU21D (имя "HTU21D") (адрес 0x40)
s 8 0 1 8 4 0 0 0 57 0 0 0 0 0 0 0 0 0 0 16 1000 1 0 2 3 84 83 76 50 53 54 49 0 0 0 0 0 0 0 0 0 0 0 0 5 1 3 2 1 2 #					    // TSL2561 (имя "TSL2561") (адрес 0x39)

s 9 0 1 10 4 0 0 0 74 0 0 0 0 0 0 0 0 0 0 0 0 0 0 0 0 77 65 88 52 52 48 48 57 0 0 0 0 0 0 0 0 0 0 0 3 1 3 0 1 2 #					    // MAX44009 (имя "MAX44009") (адрес 0x4a)

s 11 0 1 7 0 0 0 0 21 0 0 0 0 0 0 0 0 13 1 18 3000 0 10 570 0 65 110 97 108 111 103 32 112 111 114 116 0 0 0 0 0 0 0 0 4 1 3 2 1 2 #	// Analog Port (имя "Analog port")

-----------------------------------------------------------------------------------------------------------------------
-----------------------------------------------------------------------------------------------------------------------
-----------------------------------------------------------------------------------------------------------------------
Тестовые конфиги
c 0 0 113 0 1 0 12 447 1 1 10 11 3 10 0 0 1 0 5 10 0 0 1 33 25 1 84 101 115 116 32 99 111 110 116 114 111 108 108 101 114 0 0 0 0			// Имя "Test controller" (84 101 115 116 32 99 111 110 116 114 111 108 108 101 114 0 0 0 0)

m 1 0 0 1 1 25 2 900 1600 3200 1 0 0 0 47 0 0
m 2 0 0 1 1 19 3 900 1600 3200 1 0 0 0 48 0 0
m 3 0 0 1 1 16 5 900 1600 3200 1 0 0 0 45 0 0

s 1 0 1 1 1 1 0 0 40 255 100 02 251 204 54 151 1 2 0 1 0 12 3 0 0 84 101 109 112 95 76 101 102 116 95 85 112 0 0 0 0 0 0 1 0 0 2 0 0		// DS18B20 (Имя "Temp_Left_Up")
s 2 0 1 1 1 1 0 0 40 255 100 02 249 227 54 01 1 2 0 1 0 10 5 0 0 84 101 109 112 95 76 101 102 116 95 68 111 119 110 0 0 0 0 1 0 0 2 0 0		// DS18B20 (Имя "Temp_Left_Down")
s 3 0 1 1 1 1 0 0 40 40 180 148 01 00 00 29 1 2 0 1 0 10 2 0 0 84 101 109 112 95 82 105 103 104 116 95 85 80 0 0 0 0 0 1 0 0 2 0 0			// DS18B20 (Имя "Temp_Right_UP")
s 4 0 1 1 1 1 0 0 40 255 242 101 97 23 04 145 1 2 0 1 0 10 2 0 0 84 101 109 112 95 82 105 103 104 116 95 68 111 119 110 0 0 0 1 0 0 2 0 0	// DS18B20 (Имя "Temp_Right_Down")

s 5 0 1 8 4 0 0 0 57 0 0 0 0 0 0 0 1 2 0 1 0 0 2 0 0 76 105 103 104 116 0 0 0 0 0 0 0 0 0 0 0 0 0 1 0 0 2 0 0								// TSL2561 (Имя "Light")
s 6 0 1 10 4 0 0 0 74 0 0 0 0 0 0 0 1 2 0 1 0 0 2 0 0 77 65 88 52 52 48 48 57 0 0 0 0 0 0 0 0 0 0 1 0 0 2 0 0								// MAX44009 (имя "MAX44009") (адрес 0x4a)

s 7 0 1 13 12 0 0 0 57 0 0 0 0 0 0 0 1 2 0 1 0 0 2 0 0 65 72 84 50 53 0 0 0 0 0 0 0 0 0 0 0 0 0 1 0 0 2 0 0									// AHT25 (Имя "AHT25")

Встроенные датчики:
0x44 - 'INA219'
0x48 - 'ADS1115 Module 16-Bit' OR 'LM75'
0x50 - 'AT24C32 EEPROM'
0x68 - 'DS3231 real-time clock' OR 'MPU-9250'

Внешние датчики:
0x39 - 'TSL2561 Light Sensor'
0x4a - 'ADS1115 Module 16-Bit' OR 'MAX44009'
==================================================================================================================================================================================





==================================================================================================================================================================================
======================================================================= Рабочий конфиг контроллера на даче =======================================================================
==================================================================================================================================================================================
c 0 1 113 0 0 0 12 447 1 1 10 11 3 10 0 0 0 0 5 10 1 1
c 0 1 113 0 0 0 12 447 1 1 10 0 3 10 0 0 0 0 5 10 1 1

g 1 0 1 1 20 25 0 0 0 0 0

m 1 0 1 1 1 25 2 900 1600 3200 1 0 0 0 47 0 0
m 2 0 1 1 1 19 3 900 1600 3200 1 0 0 0 48 0 0
m 3 0 1 1 1 16 5 900 1600 3200 1 0 0 0 45 0 0

s 1 0 1 1 1 0 0 0 40 255 111 46 180 22 3 213 0 14 0 8 10 1 0 0 0 84 101 109 112 95 85 80 0 0 0 0 0 0 0 0 0 0 0 0 0 1 3 0 1 2 #
s 9 0 1 9 4 0 0 0 35 18 0 0 0 0 0 0 0 0 0 0 0 0 0 0 0 69 120 116 95 76 105 103 104 116 0 0 0 0 0 0 0 0 0 0 0 0 1 0 0 1 2						// BH1750 (имя "Ext_Light") (адрес 0x23)
s 10 0 1 1 1 1 0 0 40 255 212 95 97 23 4 166 1 240 10 1 0 0 0 87 111 114 107 95 115 101 110 115 111 114 0 0 0 0 0 0 0 0 0 1 3 0 1 2 #			// Рабочий датчик (Work_sensor)
--------
s 2 0 1 1 1 0 0 0 40 255 120 71 192 22 4 9 0 14 0 8 10 1 0 0 0 84 101 109 112 95 82 105 103 104 116 95 66 101 100 45 53 0 0 0 0 1 3 0 1 2 #
s 3 0 1 1 1 0 0 0 40 255 243 120 180 22 3 146 0 14 0 8 10 1 0 0 0 84 101 109 112 95 82 105 103 104 116 95 66 101 100 45 50 48 0 0 0 1 3 0 1 2 #
s 4 0 0 1 1 0 0 0 40 255 212 95 97 23 4 166 0 14 0 8 10 1 0 0 0 84 101 109 112 95 80 105 112 101 0 0 0 0 0 0 0 0 0 0 0 1 3 0 1 2 #
s 5 0 1 1 1 0 0 0 40 255 145 105 97 23 4 220 0 14 0 8 10 1 0 0 0 84 101 109 112 95 68 79 87 78 0 0 0 0 0 0 0 0 0 0 0 1 3 0 1 2 #
s 6 0 1 1 1 0 0 0 40 255 187 107 97 23 4 158 0 14 0 8 10 1 0 0 0 84 101 109 112 95 76 101 102 116 95 66 101 100 45 50 48 0 0 0 0 1 3 0 1 2 #
s 7 0 1 1 1 0 0 0 40 255 181 170 179 22 5 70 0 14 0 8 10 1 0 0 0 84 101 109 112 95 76 101 102 116 95 66 101 100 45 53 0 0 0 0 0 1 3 0 1 2 #
s 8 0 1 1 1 0 0 0 40 255 212 95 97 23 4 166 0 14 0 8 10 1 0 0 0 84 101 109 112 95 85 80 0 0 0 0 0 0 0 0 0 0 0 0 0 1 3 0 1 2 #

-----------------------------------------------------------------------------------------------------------------------------------
-----------------------------------------------------------------------------------------------------------------------------------
-----------------------------------------------------------------------------------------------------------------------------------
Выгрузка кинфигурации из рабочего контроллера
m 1 0 1 1 1 19 40 1000 2000 3200 0 0 0 0 34 0 1
m 2 0 1 1 1 18 5 1000 2000 3200 0 0 0 0 37 0 1
m 3 0 1 1 1 15 2 1000 1800 3200 0 0 0 0 33 0 1

s 1 0 1 1 1 0 0 0 40 255 111 46 180 22 3 213 0 14 0 0 10 10 12865 0 0 T e m p _ B O X # # # # # # # # # # # # 0 1 21250 0 0 1

s 2 0 1 1 1 0 0 0 40 255 120 71 192 22 4 9 0 14 0 0 10 0 14641 0 0 T e m p _ R i g h t _ B e d - 5 # # # # 0 1 8449 0 0 1
s 3 0 1 1 1 0 0 0 40 15 142 86 181 1 60 210 0 14 0 0 10 0 0 0 0 T e m p _ R i g h t _ B e d - 2 0 # # # 0 1 338 0 0 1
s 4 0 1 1 1 0 0 0 40 104 180 148 1 0 0 104 0 14 0 8 10 0 0 0 0 T e m p _ P i p e # # # # # #  #  # # 218 1 8448 0 0 1

s 5 0 1 1 1 0 0 0 40 240 240 86 181 1 60 75 0 2048 0 0 2048 0 0 0 0 T e m p _ D O W N # # # # # # # # 203 1 21074 0 0 1
s 6 0 1 1 1 0 0 0 40 255 187 107 97 23 4 158 0 2048 0 0 2048 0 0 0 0 T e m p _ L e f t _ B e d - 2 0 # # # # 0 1 21025 0 0 1
s 7 0 1 1 1 0 0 0 40 106 6 22 168 1 60 181 0 14 0 0 10 0 0 0 0 T e m p _ L e f t _ B e d - 5 # # # # # 0 1 0 0 0 1
s 8 0 1 1 1 0 0 0 40 255 212 95 97 23 4 166 0 2048 0 0 2048 0 0 0 0 T e m p _ U P # # # # # # # # # # # # # 0 1 0 0 0 1
s 9 0 1 9 4 0 0 0 35 0 0 0 0 0 0 0 0 2048 0 0 2048 0 0 0 0 M A X 4 4 0 0 9 # # # # # # # # # # # # 0 1 0 0 0 
s 10 0 1 1 1 1 0 0 40 255 212 95 97 23 4 166 1 240 0 1 0 0 0 0 0 r k _ s e n s o r # # # # # # # # #  # 3 0 0 2 2 1

-----------------------------------------------------------------------------------------------------------------------------------
-----------------------------------------------------------------------------------------------------------------------------------
-----------------------------------------------------------------------------------------------------------------------------------
Готовые рабочие конфиги
c 0 1 113 0 0 0 12 447 1 1 10 11 3 10 0 0 1 0 5 10 1 1

g 1 0 1 1 20 25 0 0 0 0 0

m 1 0 1 1 1 25 2 900 1600 3200 1 0 0 0 47 0 0
m 2 0 1 1 1 19 3 900 1600 3200 1 0 0 0 48 0 0
m 3 0 1 1 1 16 5 900 1600 3200 1 0 0 0 45 0 0

==================================================================================================================================================================================





==================================================================================================================================================================================
===================================================================================== Надписи ====================================================================================
==================================================================================================================================================================================
84 101 109 112 95 82 105 103 104 116 95 85 80							:Temp_Right_UP
84 101 109 112 95 82 105 103 104 116 95 68 111 119 110					:Temp_Right_Down
84 101 109 112 95 76 101 102 116 95 68 111 119 110						:Temp_Left_Down
84 101 109 112 95 76 101 102 116 95 85 112								:Temp_Left_Up
84 101 109 112 95 85 80 												:Temp_UP
84 101 109 112 95 68 79 87 78											:Temp_DOWN
87 111 114 107 95 115 101 110 115 111 114								:Work_sensor
84 101 109 112 95 66 79 88 												:Temp_BOX
68 83 49 56 66 50 48 95 68 79 87 78 95 76 79 78 71 						:DS18B20_DOWN_LONG
73 78 65 50 49 57 														:INA219
84 101 109 112 95 82 105 103 104 116 95 66 101 100 45 53   				:Temp_Right_Bed-5
84 101 109 112 95 82 105 103 104 116 95 66 101 100 45 50 48 			:Temp_Right_Bed-20
84 101 109 112 95 76 101 102 116 95 66 101 100 45 53 					:Temp_Left_Bed-5
84 101 109 112 95 76 101 102 116 95 66 101 100 45 50 48 				:Temp_Left_Bed-20
84 101 109 112 95 80 105 112 101										:Temp_Pipe
77 65 88 52 52 48 48 57													:MAX44009
65 72 84 50 53															:AHT25
76 105 103 104 116														:Light
69 120 116 95 76 105 103 104 116										:Ext_Light
73 110 116 95 76 105 103 104 116										:Int_Light
==================================================================================================================================================================================









0x23 - 'PCF8574 8-Bit I/O Expander' OR 'BH1750FVI Light Sensor'
0x39 - 'TSL2561 Light Sensor'
0x3f - 'LCM1602 LCD Adapter'
0x40 - 'BMP180, Si7013, Si7020, Si7021, HTU21D, SHT21, INA219'
0x44 - 'INA219'
0x4a - 'ADS1115 Module 16-Bit' OR 'MAX44009'
0x4c - 'LM75'
0x50 - 'AT24C32 EEPROM'
0x68 - 'DS3231 real-time clock' OR 'MPU-9250'




==================================================================================================================================================================================
s 1 0 1 1 1 1 0 0 40 255 212 95 97 23 4 166 1 2 10 1 0 0 1 1 1 1 84 101 109 112 95 85 80 0 0 0 0 0 0 0 0 0 0 1 1 0 1 2 						:Temp_UP
///////s 9 0 1 10 4 0 0 0 74 0 0 0 0 0 0 0 0 0 0 0 0 0 0 0 0 77 65 88 52 52 48 48 57 0 0 0 0 0 0 0 0 0 0 0 3 1 3 0 1 2 #					    - MAX44009 (имя "MAX44009") (адрес 0x4a)
s 9 0 1 9 4 0 0 0 35 0 0 0 0 0 0 0 0 0 0 0 0 0 0 0 0 76 105 103 104 116 0 0 0 0 0 0 0 0 0 0 0 0 0 0 0 1 3 0 1 2 #								// BH1750 (имя "Light") (адрес 0x23)

-s 2 0 1 1 1 0 0 0 40 255 120 71 192 22 4 9 0 14 0 2 10 1 2 0 0 84 101 109 112 95 82 105 103 104 116 95 66 101 100 45 53 0 0 0 0 1 3 0 1 2
-s 3 0 1 1 1 0 0 0 40 15 142 86 181 1 60 210 0 14 0 8 10 1 2 0 0 84 101 109 112 95 82 105 103 104 116 95 66 101 100 45 50 48 0 0 0 1 3 0 1 2 #
-s 4 0 0 1 1 0 0 0 40 104 180 148 1 0 0 104 0 14 0 8 10 1 2 0 0 84 101 109 112 95 80 105 112 101 0 0 0 0 0 0 0 0 0 0 0 1 3 0 1 2 #

-s 5 0 1 1 1 0 0 0 40 255 145 105 97 23 4 220 0 14 0 8 10 1 3 0 0 84 101 109 112 95 68 79 87 78 0 0 0 0 0 0 0 0 0 0 0 1 3 0 1 2 #
-s 6 0 1 1 1 0 0 0 40 255 187 107 97 23 4 158 0 14 0 8 10 1 3 0 0 84 101 109 112 95 76 101 102 116 95 66 101 100 45 50 48 0 0 0 0 1 3 0 1 2 #
-s 7 0 1 1 1 0 0 0 40 255 181 170 179 22 5 70 0 14 0 8 10 1 3 0 0 84 101 109 112 95 76 101 102 116 95 66 101 100 45 53 0 0 0 0 0 1 3 0 1 2 #


s 10 0 1 1 1 1 0 0 40 255 212 95 97 23 4 166 1 250 10 4 0 0 1 1 1 1 87 111 114 107 95 115 101 110 115 111 114 0 0 0 0 0 0 1 3 0 1 2 				:Work_Sensor
==================================================================================================================================================================================